[DEFAULT]
loss_moving_average = 0

[main]
performance_indicator = 0.1
episodic_data_counter2 = 5

[Grasp_GAN]
performance_indicator = 0.9999999999999997
collision_times = 0.0
out_of_scope_times = 0.0
good_firmness_times = 0.0
c_running_loss = 0.0
g_running_loss = 0.0

[sq]
tpr = 0.6502578040269488
tnr = 0.728127599381241

[shift_net]
tpr = 0.2624454338246659
tnr = 0.8186655236588818

[grasp_sampler]
performance_indicator = 0

[joint_quality_networks_suction_head]
label_balance_indicator = 0

[joint_quality_networks_gripper_head]
label_balance_indicator = 0

[joint_quality_networks_shift_head]
label_balance_indicator = 0

[action_net_suction_head]
label_balance_indicator = -0.008232949784439857
loss_moving_average = 0.1636439972729641
counter = 0.0
convergence = -0.006011487640266995
prediction_balance_indicator = None
momentum = 0.0849692020970639

[action_net_gripper_head]
label_balance_indicator = -0.15341370168143764
loss_moving_average = 0.3584322835209386
counter = 0.0
convergence = -0.010177186614034845
prediction_balance_indicator = None
momentum = 0.311277367448453

[action_net_shift_head]
label_balance_indicator = -0.048209827499622604
loss_moving_average = 0.19049235921617533
convergence = -0.007641078080994577
prediction_balance_indicator = None
momentum = 0.09190944857365829
counter = 0.0

[action_net_gripper_sampler]
label_balance_indicator = 0.0
loss_moving_average = 0.029085981224608336
counter = 0.0
convergence = -0.001756757871152975
prediction_balance_indicator = None
momentum = 0.006478219128274648

[action_net_suction_sampler]
label_balance_indicator = 0.0
loss_moving_average = 0.0016096354892902506
counter = 0.0
convergence = -2.7521210670236064e-05
prediction_balance_indicator = None
momentum = 3.5402531741075334e-06

[action_net_critic]
label_balance_indicator = 0.0
loss_moving_average = 0.27596042460061554
counter = 0.0
convergence = -0.004956528082568781
prediction_balance_indicator = None
momentum = 0.10759143426466548

[collision]
collision_moving_rate = 0.6167633096683323
counter_collision_moving_rate = 505.0
momentum_collision_moving_rate = 0
moving_rate_ = 0
counter_ = 0
momentum_ = 0
convergence_ = 0

[firmness]
firmness_moving_rate = 0.20347819334166545
counter_firmness_moving_rate = 505.0
momentum_firmness_moving_rate = 0
moving_rate_ = 0
counter_ = 0
momentum_ = 0
convergence_ = 0

[out_of_scope]
out_of_scope_moving_rate = 0.005929897143685927
counter_out_of_scope_moving_rate = 505.0
momentum_out_of_scope_moving_rate = 0
moving_rate_ = 0
counter_ = 0
momentum_ = 0
convergence_ = 0

[gripper_reachability]
label_balance_indicator = None
prediction_balance_indicator = None
loss_moving_average = 0.0095538005663096

[suction_reachability]
label_balance_indicator = None
prediction_balance_indicator = None
loss_moving_average = 0.0112855647208883

[action_net_background_detector]
counter = 0.0
convergence = -0.000400507804692082
label_balance_indicator = None
prediction_balance_indicator = None
loss_moving_average = 0.013492696119458164
momentum = 0.00031128161654231016

[test]
moving_rate_ = 0
counter_ = 0
momentum_ = 0
convergence_ = 0

[gripper_positive_sampling_rate]
moving_rate_ = 0
counter_ = 0
momentum_ = 0
convergence_ = 0

[gripper_negative_sampling_rate]
moving_rate_ = 0
counter_ = 0
momentum_ = 0
convergence_ = 0

[suction_positive_sampling_rate]
moving_rate_ = 0
counter_ = 0
momentum_ = 0
convergence_ = 0

[suction_negative_sampling_rate]
moving_rate_ = 0
counter_ = 0
momentum_ = 0
convergence_ = 0

