[DEFAULT]
loss_moving_average = 0

[main]
performance_indicator = 0.1

[Grasp_GAN]
performance_indicator = 0.9999999999999997
collision_times = 0.0
out_of_scope_times = 0.0
good_firmness_times = 0.0
c_running_loss = 0.0
g_running_loss = 0.0

[sq]
tpr = 0.6502578040269488
tnr = 0.728127599381241

[shift_net]
tpr = 0.2624454338246659
tnr = 0.8186655236588818

[grasp_sampler]
performance_indicator = 0

[joint_quality_networks_suction_head]
label_balance_indicator = 0

[joint_quality_networks_gripper_head]
label_balance_indicator = 0

[joint_quality_networks_shift_head]
label_balance_indicator = 0

[action_net_suction_head]
label_balance_indicator = -0.10627070201581439
loss_moving_average = 0.4413386197441334
counter = 101.0
convergence = -0.04855448915042247
prediction_balance_indicator = None
momentum = 1.014812363255817

[action_net_gripper_head]
label_balance_indicator = -0.0003100655472341729
loss_moving_average = 0.5773230863222351
counter = 101.0
convergence = -0.05954438553224256
prediction_balance_indicator = None
momentum = 0.9820664446921904

[action_net_shift_head]
label_balance_indicator = -0.07707370582919258
loss_moving_average = 0.09217689348374004
convergence = -0.00893997863963681
prediction_balance_indicator = None
momentum = 0.02990643200032899
counter = 101.0

[action_net_gripper_sampler]
label_balance_indicator = 0.0
loss_moving_average = 0.028332870984062564
counter = 101.0
convergence = -0.0031480976353026055
prediction_balance_indicator = None
momentum = 0.002656757143701611

[action_net_suction_sampler]
label_balance_indicator = 0.0
loss_moving_average = 0.0013278268645553696
counter = 101.0
convergence = -2.5226408066265327e-05
prediction_balance_indicator = None
momentum = 2.1504565510042805e-06

[action_net_critic]
label_balance_indicator = 0.0
loss_moving_average = 0.13369690009254492
counter = 101.0
convergence = -0.01485521424194923
prediction_balance_indicator = None
momentum = 0.04815414786873466

[collision]
collision_moving_rate = 0.2811636191578077
counter_collision_moving_rate = 101.0
momentum_collision_moving_rate = 0

[firmness]
firmness_moving_rate = 0.13391995083386812
counter_firmness_moving_rate = 101.0
momentum_firmness_moving_rate = 0

[out_of_scope]
out_of_scope_moving_rate = 0.16184908208459878
counter_out_of_scope_moving_rate = 101.0
momentum_out_of_scope_moving_rate = 0

[gripper_reachability]
label_balance_indicator = None
prediction_balance_indicator = None
loss_moving_average = 0.0095538005663096

[suction_reachability]
label_balance_indicator = None
prediction_balance_indicator = None
loss_moving_average = 0.0112855647208883

[value_net_gripper_grasp]
prediction_balance_indicator = 0

[value_net_suction_grasp]
prediction_balance_indicator = 0

[test]
prediction_balance_indicator = 0

[action_net_background_detector]
counter = 101.0
convergence = -8.299935024116015e-05
label_balance_indicator = None
prediction_balance_indicator = None
loss_moving_average = 0.008580345325257813
momentum = 0.0001068860939180695

