[main]
performance_indicator = 0.1

[Grasp_GAN]
performance_indicator = 0.9999999999999997
collision_times = 0.0
out_of_scope_times = 0.0
good_firmness_times = 0.0
c_running_loss = 0.0
g_running_loss = 0.0

[sq]
tpr = 0.6502578040269488
tnr = 0.728127599381241

[shift_net]
tpr = 0.31682752903748224
tnr = 0.9488476219257692

[grasp_sampler]
performance_indicator = 0

