[main]
performance_indicator = 0.1

[Grasp_GAN]
performance_indicator = 0.9999999999999997
collision_times = 0.0
out_of_scope_times = 0.0
good_firmness_times = 0.0
c_running_loss = 0.0
g_running_loss = 0.0

[sq]
tpr = 0.6581140355752796
tnr = 0.7223734356273959

